$GPR,,A*7C
$GPVTG,,T,,M,0.042,N,0.077,K,A*25
$GPGGA,131324.00,1249.27662,N,08002.29726,E,1,07,1.1:AYQ⸮,T,,M,0.050,N,0.093,K,A*2C
$GPGGA,131325.00,1249.27665,N,08002.29725,E,1,07,1.10,56.1,M,-88.0,M,,*4C
$GPGSA,A,3,15,29,25,13,05,12,20,,,,,,2.14,1.10,1.84*06
$GPGSV,3,1,12,02,17,075,24,05,18,034,21,10,07,236,18,12,25,183,31*74
$GPGSV,3,2,12,13,41,077,31,15,64,135,40,20,27,256,26,21,16,311,*7E
$GPGSV,3,3,12,24,12,164,22,25,39,230,36,26,00,312,14,29,57,347,34*7A
$GPGLL,1249.27665,N,08002.29725,E,131325.00,A,A*61
$GPRMC,131326.00,A,1249.27663,N,08002.29723,E,0.101,,190618,,,A*7C
$GPVTG,,T,,M,0.101,N,0.187,K,A*2D
$GPGGA,131326.00,1249.27663,N,08002.29723,E,1,07,1.10,56.3,M,-88.0,M,,*4D
$GPGSA,A,3,15,29,25,13,05,12,20,,,,,,2.14,1.10,1.84*06
$GPGSV,3,1,12,02,17,075,25,05,18,034,21,10,07,236,19,12,25,183,30*75
$GPGSV,3,2,12,13,41,077,30,15,64,135,40,20,27,256,26,21,16,311,*7F
$GPGSV,3,3,12,24,12,164,22,25,39,230,36,26,00,312,12,29,57,347,34*7C
$GPGLL,1249.27663,N,08002.29723,E,131326.00,A,A*62
$GPRMC,131327.00,A,1249.27661,N,08002.29722,E,0.019,,190618,,,A*76
$GPVTG,,T,,M,0.019,N,0.035,K,A*2D
$GPGGA,131327.00,1249.27661,N,08002.29722,E,1,07,1.10,56.5,M,-88.0,M,,*49
$GPGSA,A,3,15,29,25,13,05,12,20,,,,,,2.14,1.10,1.84*06
$GPGSV,3,1,12,02,17,075,24,05,18,034,21,10,07,236,19,12,25,183,30*74
$GPGSV,3,2,12,13,41,077,31,15,64,135,40,20,27,256,26,21,16,311,*7E
$GPGSV,3,3,12,24,12,164,21,25,39,230,36,26,00,312,12,29,57,347,34*7F
$GPGLL,1249.27661,N,08002.29722,E,131327.00,A,A*60
$GPRMC,131328.00,A,1249.27660,N,08002.29724,E,0.037,,190618,,,A*72
$GPVTG,,T,,M,0.037,N,0.069,K,A*28
$GPGGA,131328.00,1249.27660,N,08002.29724,E,1,07,1.10,56.3,M,-88.0,M,,*47
$GPGSA,A,3,15,29,25,13,05,12,20,,,,,,2.14,1.10,1.84*06
$GPGSV,3,1,12,02,17,075,24,05,18,034,22,10,07,236,19,12,25,183,30*77
$GPGSV,3,2,12,13,41,077,31,15,64,135,40,20,27,256,26,21,16,311,*7E
$GPGSV,3,3,12,24,12,164,21,25,39,230,36,26,00,312,12,29,57,347,34*7F
$GPGLL,1249.27660,N,08002.29724,E,131328.00,A,A*68
$GPRMC,131329.00,A,1249.27658,N,08002.29726,E,0.137,,190618,,,A*7B
$GPVTG,,T,,M,0.137,N,0.254,K,A*25
$GPGGA,131329.00,1249.27658,N,08002.29726,E,1,07,1.10,56.6,M,-88.0,M,,*4A
$GPGSA,A,3,15,29,25,13,05,12,20,,,,,,2.14,1.10,1.84*06
$GPGSV,3,1,12,02,17,075,24,05,18,034,21,10,07,236,18,12,25,183,30*75
$GPGSV,3,2,12,13,41,077,31,15,64,135,40,20,27,256,26,21,16,311,*7E
$GPGSV,3,3,12,24,12,164,22,25,39,230,36,26,00,312,12,29,57,347,34*7C
$GPGLL,1249.27658,N,08002.29726,E,131329.00,A,A*60
$GPRMC,131330.00,A,1249.27657,N,08002.29724,E,0.091,,190618,,,A*73
$GPVTG,,T,,M,0.091,N,0.169,K,A*25
$GPGGA,131330.00,1249.27657,N,08002.29724,E,1,07,1.10,56.5,M,-88.0,M,,*4C
$GPGSA,A,3,15,29,25,13,05,12,20,,,,,,2.14,1.10,1.84*06
$GPGSV,3,1,12,02,17,075,24,05,17,034,21,10,07,236,17,12,25,183,31*74
$GPGSV,3,2,12,13,41,077,31,15,64,135,40,20,27,256,26,21,16,311,*7E
